10057010
14454174
34500952
30856244
26523892
19101535
30170643
30652973
4701869
34577035
10672917
15153092
23875939
20049589
31646594
32136715
11472648
14469255
23461513
3171550
23296162
40038048
1227880
1085412
38454070
26364097
17946929
22818646
42084009
4877764
12805206
3101099
1651109
16052816
40673946
5163386
2435531
7331278
25440826
14461941
4373594
30318162
39735819
14452923
879852
20750912
16820299
28771734
17926664
25634758
32723953
2734082
23872387
234222
4413323
52884502
36258934
3178065
14188524
23828404
28137807
33564922
9794657
1049966
20704793
8184311
41104461
987408
34259563
24850216
17934686
27799261
9591863
26151610
28939452
5837464
26109412
2260206
28613241
34235722
19042240
1439476
46351063
9065263
19865440
11163924
50510668
36500893
22232683
10588629
9710798
4167129
34098184
4371455
23572426
32695888
16036310
28864512
23969512
6854605
473335
34195777
16138103
50225803
8909155
27824563
1097794
14464764
10691892
21496525
20519093
47542951
36247450
31265246
27697723
14380728
40755510
39620463
15465966
18591952
29922369
18364346
46764769
1008166
9174820
40831353
4979758
28115205
6476650
653038
25918393
13232688
2549801
26571163
26775571
8156101
37932859
33783565
7548181
33606196
36913945
56119057
14600361
24597805
14253384
742072
27300139
24779923
38829984
1024956
31661573
2062614
938091
38291089
1704125
29030616
8835628
13082253
34287301
32461519
825875
44517277
6066550
31486787
40150725
6177703
485218
25588000
23353534
344335
32449123
7329481
26636284
53460598
25111171
9180685
52208665
1485385
43648180
25131535
3441362
21053894
787368
996493
13133676
11208228
23994118
30452904
30758501
36088735
24509584
9821300
385354
18678511
46150387
953558
15172673
10668402
3167426
29013294
29558628
19771492
56026003
35977756
39539070
15156935
28744458
1000707
12922518
35109418
51358966
3114812
7869079
3391934
39502770
2693312
38689494
29165787
32535493
41979240
32634721
37670392
40567737
30266163
35105491
23965102
39607896
31124558
30789659
7322935
327164
13990401
20796941
3290102
24801982
12133914
27708119
14371158
3315377
1134255
20562179
18960145
35250073
18394907
36781936
40944369
9694457
359705
20711507
9602087
3171864
14078862
6239806
5987962
24608746
32117452
392041
31015097
26489974
5773306
10398159
43020684
1150239
20551733
23084956
26294335
21749929
21325375
2062350
30333363
640449
24720655
40486359
2485286
5277644
1053227
17575469
36481678
5684710
15994781
36116950
6996898
23591542
34691530
48525295
37220047
22249729
221208
319257
48785782
24306859
36413899
4682264
189189
20228980
33285814
37393474
8551657
35152405
487914
12608820
11971230
29356095
18449033
19276393
27475108
37171144
14959082
34047913
40718202
34717462
1319809
33011281
13076754
24493981
18493942
21423880
16683955
30200352
38049832
879599
311126
6762790
24339502
23815003
261823
17926742
385545
8981179
14376795
27071131
39320604
15766221
5706391
4382996
864147
861968
37341520
1480594
35344576
43271334
37475038
330906
17923928
26517223
33302797
34886563
7176989
37900483
13867242
37174843
384316
4762385
5103614
17593790
6230710
2601473
7740010
5744635
6334630
2780708
32873761
7769080
6361297
15356202
30703814
24028450
8470711
22287295
8349502
25761268
41597901
22319752
14330238
41851917
26806840
4721501
21178766
19275442
41790258
37701262
24974563
31908547
24407335
17080448
16203023
36234070
42356628
14139486
28608291
1652549
24200767
16832419
19762630
50367835
496865
26125573
18044585
29626944
24620707
47917177
11360472
10460622
319467
31509998
11277078
31897549
26796304
10567863
29167410
7637125
34073725
18607531
90292
16026104
18044627
8662435
36357313
35109247
31427000
25742557
29970729
4340120
12480304
36155386
11678955
21211352
27578339
990947
4615905
39107226
310770
45140593
35695330
33174793
20253814
11736033
392764
39390540
8709745
30789119
5030443
445263
34041403
15432591
31879927
1156603
22351141
8850352
33265651
2060
388303
27903571
5311379
4033081
41741034
13106973
536450
12913056
23068369
42992547
17175614
30266193
11980743
36253849
1154027
37672285
32335024
1385362
18284387
21165362
5254346
54135154
31799176
22073215
11371431
6666643
11623035
10057286
21085382
38231509
4475078
45201823
6102868
879624
26587504
15484431
35198452
20846330
24275683
30948302
43929135
27255484
8169415
38077792
38564790
28031535
27626497
16308554
15649041
9395963
17946215
36051622
23089162
39921351
3922027
36463387
35113561
4410587
35878465
25390249
32162662
1104020
19120240
10734054
25938994
39633006
29701419
9167785
32953405
11284494
36485707
3377003
23372209
242815
12004794
7526773
38041177
380233
13029288
21527806
20871695
2691041
22134190
35017522
27497785
7159250
31182287
30772862
6533983
31496231
9329237
36508978
10614756
520136
27437083
15996890
5263937
21125222
8300672
33983941
27859645
4308786
6093769
19707637
7076824
30688358
8476210
25635535
6668308
30899465
34039450
775472
14539968
26056906
5372018
11822958
37512334
21048587
11784906
20587250
47611450
15828654
1152329
16431785
21517714
29799375
9705578
444457
1273078
11221602
22456858
504016
22249126
27651511
433140
9417518
39558459
5476967
22177075
35016034
8802880
30390987
31553114
7693897
9253214
15068012
20367424
15176684
32921029
24931486
14949759
48100681
8254522
3809743
31691321
7183676
49467790
23218696
25860733
26134510
22405891
4649457
18232007
7892593
10059953
7368124
33474004
29115723
14245221
32194258
17538215
13622355
920957
23050501
6225973
11518236
12479128
22065178
41481111
8358286
18436346
18289409
45929233
19282456
21745030
17412065
7228006
754708
9236771
20497667
31288280
18378542
36431536
38307715
17364134
38268127
23775889
37610419
591126
3697037
41262675
49303582
12708852
17573267
17889005
240660
15014474
36291976
55446616
22918735
13125288
31703623
27701783
33177841
41937996
5338217
13679064
10171604
1369690
32949514
39136299
2378879
36023080
27035281
8162128
3725452
8848426
33788056
39950823
50461048
43670847
36896740
6237706
23393452
8232359
15637839
29634030
38287942
19891189
30983558
8480719
16864960
4731860
23798797
899336
49628272
31375787
25516756
24681745
25636702
25935226
4666485
8125531
24737998
44399764
385966
42039480
22144981
11896683
4724522
45365275
24090247
3451949
10181825
3959080
43202169
18541177
30508233
21993898
1339576
9323225
17707799
6427408
38142916
2100033
13774476
22220911
16162082
28073343
29805303
315289
48868303
17186087
6042364
35532607
6451765
15656817
35524945
529032
31255094
748479
13968495
11030553
9050257
6701836
39971157
21890770
37337773
15967970
35526997
910437
13175427
5549255
26104402
10237922
12312867
26040022
34565698
22779658
7569088
20721302
13917321
23363293
620411
49594570
36996916
18111758
12767754
27908800
15829326
42289248
5032630
2025777
11571243
33549031
12292116
27453043
42058
2430569
13120827
5366507
24191488
24446656
21357481
3874606
33152167
7076752
7188824
22083784
39285453
12927927
18046718
21636112
11945961
29403264
7207943
2415359
48163924
17732855
1730102
16780603
28302384
13079685
12693843
17333024
49686019
1793110
36831709
10566861
24075877
2818349
44168425
12644880
44022681
26382937
59676
13674783
7900501
286301
385472
14491008
38560977
1548278
690093
11787732
23219902
30358428
49334527
9901880
38049352
30125064
38656005
14082594
49863649
46765291
35060269
46784
28207587
12555548
386831
26677921
35080663
6332326
30816527
833733
714361
23756803
31046156
26828773
11457669
16223264
13792248
25497553
41597514
21267383
19109890
11052627
38264950
32153017
401691
39490467
45817258
1210501
37875952
78824
51899545
11090619
384985
3740659
7737991
1114766
11088294
19998850
610909
8879488
7014274
5372648
7882474
31077455
7944847
482638
4580580
540774
20292280
11972160
7678270
696060
29925018
30664697
28842033
30555270
31224353
30222024
17923133
23402794
1918284
391351
11302554
8789386
42436962
12829314
4076005
8545699
10997172
25710250
25162711
8049136
1103242
31625552
12282198
32643943
21134111
44138050
43158943
13054713
4160370
32108227
586020
12029196
41802063
1051935
4168299
30411726
20886212
52327630
15126866
33612586
51130078
967986
9848264
442432
45321121
12045300
33952483
18286511
10678911
12965298
47193232
39031407
36932437
978550
26773633
6033925
26500039
21064049
413495
40651776
240525
34078537
37243321
8671198
22062673
16615676
7653571
3259649
18129986
688863
8260726
12029172
17646074
16269131
385275
34329664
15385773
7584115
48891601
590246
31916119
790488
29684493
463038
20485358
15475770
25074118
40162890
50895589
18003584
5025334
6528883
28023093
44007741
492426
10685394
672230
25522093
3124859
8376331
38697936
5105105
40538346
34386877
22394647
1953717
3988708
10323485
41674560
3271013
6469081
49425412
784764
4749806
21723946
14839784
56474017
20965148
5561371
24230728
26026525
26580295
24955486
4129527
11800899
6089121
7729453
992265
4902346
10513749
13466637
27145408
30717191
44978518
15408702
42661497
8805124
3630213
18950308
37535545
34817071
500970
6526360
19364248
880458
40166760
11745294
37170094
31181048
41083662
7322845
5021158
30620441
6221398
8628124
24792544
55825858
18687748
32244421
18071879
23469763
22331551
14368581
677351
2528705
5006431
26334169
34923421
10642821
979182
38888538
1157217
12749823
23976052
55006291
8873683
4611291
32433190
35450929
4330836
5391086
13719243
4123870
2291345
6267799
42181785
304714
39836340
33029974
3434312
26290933
15605589
11002560
46453324
2215317
14910791
47874883
24507556
18229076
17426327
9222062
2617205
46642903
22269664
175857
35947894
41854938
26746354
25074958
18572542
1124404
12510092
50422435
14959352
26416279
1999356
16673827
28919661
6862807
8100721
31757476
12704055
46017661
10354515
3158459
29373558
1471330
15769404
16856581
10536099
24352384
37824457
14186298
16697380
55303645
22792885
28116828
1110284
35673838
13182756
6146275
36025255
49037677
36332995
30792878
1793848
14041326
33960232
38641902
38891949
19903207
3513911
43290210
18505300
29689869
12340524
2531090
25584244
15243312
7900648
11249700
8897227
41880714
23511592
8416798
1530956
9842741
43982961
14852573
14800721
23003809
11980578
47717629
9476138
38730615
11047995
53273293
15967070
15260055
36055378
27299614
25080646
12861621
27957710
6942277
27875561
49422403
28912503
11899614
52148947
38136532
24375754
3848911
12684348
7923298
670548
33625216
16773967
6832576
320094
16546214
15537897
23009185
31421180
21209450
4497336
22414333
17081900
22681174
19153216
1124273
23893705
15656337
44188648
26714374
982618
748280
781988
34361152
34203748
30157959
35343259
24476011
25400575
3762007
5787034
39825129
12478232
48408064
6264406
836605
385305
32802901
23832304
38651934
13754304
37117771
18887464
22848010
955771
7950793
1668728
37782130
33878287
8530387
23118610
14510004
1113600
37129444
33158419
47097064
629157
42955311
31244372
38538526
22752208
49610008
453655
824668
19749586
16902924
14173404
21222602
17448935
36165685
11145846
47078749
46768105
42583740
33391831
22265581
49840081
21109976
14509581
3093482
472082
384343
2098083
39634491
11896866
12425256
45672961
610806
12710496
11631114
25251922
26851435
212492
29885868
4241040
31033985
376913
48285610
45576412
52670
50446330
31909333
31136354
25921075
8138437
5256335
8736955
11796285
38481847
55050481
38399539
52135606
5101361
3537545
520485
21544054
2106744
10764834
7014307
5625616
39126237
30421758
31942030
24961138
8452648
44015281
37666882
23046370
12749880
19476994
27594667
15260637
23098216
2690594
28955181
30416121
2276499
13492764
45502756
41414355
18337499
16435904
45765271
1023480
25647214
1648439
4070950
24624868
10311317
15695769
17802260
38511895
31035770
1014440
35549881
35014636
1115311
18862810
8517787
49017694
6140725
15250227
10021610
8852026
10313534
4400630
26247118
36525031
25727665
31264997
9181330
33656713
12772770
2068665
13849008
8624551
13880685
28438050
16670512
22838905
8751655
22939585
972488
6129388
27274090
14772737
1369366
10820733
24789058
20796494
28046367
1408141
50683471
33745582
24242599
29846796
23147314
12330330
748726
15783759
24466897
16800313
8770888
2678144
21728317
6225418
8158447
18264353
26643019
44709448
42360795
42855111
6394219
18074480
1547708
14318952
2135742
28392219
21174527
11143800
19969309
959572
48296950
2607431
5121731
6975322
24953311
23268064
27550912
2577650
27728437
26210257
941633
7740190
23425960
24114526
17457683
25796758
23428672
36898771
10514262
11591970
22111282
13240686
24075046
18653347
11431794
2141337
31200320
13046100
5639335
10901745
38394760
49903540
25107505
43383105
22411939
27813553
27893692
20280511
32734837
24255817
1772347
496883
8132777
45875158
5121464
16044434
35024938
28230387
27986376
48211207
10531584
24217780
670954
11982471
36779917
5418194
13956327
1092424
22294951
25177645
25515259
20574641
3836032
9226019
23538241
27466141
13513191
26068000
14958221
19751719
10940631
17604014
43994982
6080019
39543753
41694060
52626592
13450605
17960324
24150220
20848391
43933647
35862568
10434183
5316872
11601312
2713355
660413
18479788
8434153
3975367
398103
11594598
19468441
32857723
5384753
44413534
2766971
3580953
34662160
29228514
34896052
46071289
52560064
641453
30581294
11314398
1113651
21665026
22280269
846857
44790448
34023838
11086218
4296828
23486791
23689363
26625718
29869803
28078461
30610928
13855818
32871514
19787605
25402705
34072750
38719782
45237799
57642901
12913959
37720327
27508987
10818117
35493646
31787320
1389856
47961289
37103878
896640
27371281
11445531
11568318
1007359
25158916
5729296
24903724
13145238
115237
8493628
34998832
17297537
3826450
14705559
46631341
37623379
24767512
17009259
37794496
18246719
37463734
985941
35074633
26743276
22968748
2039154
47902507
24782089
9826184
7463130
32367493
21242051
21739045
27855042
27649127
35726698
14073648
35411329
37645108
15384810
5385554
21472297
13472379
10048754
24239470
16419653
2014905
11063298
7657597
2698946
6181
24726043
54018082
42831693
23352556
45011905
41034573
22132261
12043881
2056626
1910067
18112328
7150730
563690
5621668
17943485
24688096
4719266
38697060
1094241
30994538
16873851
4244097
26328481
30411102
28653123
1115373
3198950
24725017
30493974
39375567
48576037
7728121
2131656
48687805
4082614
15634818
7913746
30077829
2637458
42239013
7447762
7666957
40146894
26304868
23785468
29674722
567262
2118546
31478714
30324630
421744
8314807
16710976
529977
31425059
53417059
53822578
6116710
47948368
13026123
38428093
26247652
43103832
18232334
19056670
50681989
33403504
863385
45863860
36618061
420124
13159671
1746629
30506481
25905703
50529346
8170214
6020260
14586408
10547500
262681
34709923
43168554
33692575
44163784
9663536
25883530
43126872
32744971
25180456
31657076
33084874
674762
16481780
30950870
35707381
550545
4621209
24319597
3143525
49432360
11103561
9459602
13893606
29445693
33247669
11542836
7708432
7905340
35318005
12216669
7239202
36880531
24742600
44041816
7865446
4482359
879841
542089
739521
10940292
29228481
35469247
6094222
15941270
13795605
6928960
56754775
129737
2793899
22986772
34267270
20915429
47110330
53699998
505567
6529255
17463977
55445953
50907763
489807
21849340
1136957
10656915
13590219
19877560
9352796
10349112
11155344
24785899
5581837
7973116
315534
14760663
23829958
24769447
29889798
14074770
5747800
29332131
9103933
26120500
2675912
32700565
15273564
11789445
15820914
7945624
31707955
20460146
24198853
2752127
14878328
35852020
14070090
38211916
14364543
2573990
11190177
17267843
10055981
32560453
12090708
42560511
44059867
24077326
50540137
3303743
45904957
1684370
12402654
918735
47905669
799221
49566487
36796045
14739003
14916353
4655880
25302544
37620655
49100266
13546410
11695038
20997323
1151526
31950589
29296878
40378182
24616360
1029121
2135328
34025608
24947701
11163708
27379666
12824382
16739053
41272761
980277
29839845
1754225
10862178
7876387
12080184
12431049
17987048
846825
19787425
41610
473052
36444718
3581625
25891366
20473742
21690799
23944558
21403696
20350525
15675894
26063290
27648985
16539650
5784667
37416544
14305386
11699844
11924133
53656756
6335857
16502882
34763632
15680604
45347809
22689250
5457932
23357914
1550957
15830508
42864606
11799474
20229649
364698
46335265
31694186
10935699
56903314
2567264
11211711
24992416
1162929
32589538
26273203
46101601
38653416
31857064
27275128
9344273
12068361
5579962
44537680
27736243
2804879
991387
40071840
9812738
55131289
41395944
48000733
36529924
7858390
4055749
44521072
6705955
393118
22118689
11706003
25294720
1608257
12865797
20097676
903791
16031990
19378264
22091254
9871262
9662132
49082113
304462
36518008
7424563
9901010
41852619
29913405
11344203
992558
11322396
47715217
710600
1720355
42846387
644421
11068320
716010
17957117
21227006
40428696
40404573
1198338
34561618
19173526
6148738
14976980
4145868
6027559
2240022
32141647
40099566
43278954
21270989
35732359
34273708
11547009
14020449
16186133
21970489
8530453
7678135
580386
26196661
933522
26888764
22393582
4546704
25836640
2345984
1054751
31542656
24703654
23168287
10057487
26738158
24807286
14085165
40365099
53747086
17541269
39560841
4885834
18522886
5408690
51851389
14412492
16558322
17963864
101475
51445447
21696031
5309891
40357698
3805954
2031420
6021418
16756768
1850743
46474123
1405237
13900644
46972357
20380228
1794760
20053615
35165650
17580677
18096146
33179437
14447502
9584387
22974904
25926073
567239
39075144
28784400
26730661
33407857
11036913
17908730
16731783
7044232
52557211
9662630
36152719
24524002
23354041
25823623
14217393
937053
29363703
935283
40999581
416900
22347265
1113746
22437391
16988139
46530259
4953046
16689439
48547729
22132873
7033
12683853
26982973
2463629
300899
18023771
36836626
18569959
23657869
10851894
9592106
27472741
11351256
27162437
15966983
35929840
18362600
48269461
22247629
37190689
26456833
592365
11519724
48999013
14852300
4895776
192415
14010333
8676250
991396
28663152
38297002
316213
9694196
23801647
4348400
2520884
46652575
11973765
14367483
32616784
2704658
30433566
43557747
13888311
5328212
15137402
41389881
9537413
54191161
30191220
8103610
29110530
17477249
21831481
8801308
24477829
36133783
1343047
6908215
7484097
6406573
1414195
27377389
36490573
27643501
7576795
11914698
2682983
3387680
238799
23450608
30271800
25276777
41168442
17449709
4914907
621717
44470195
9555569
19827700
32654494
29111931
11302191
31577885
2467505
20364385
630702
3295064
56360995
26422963
22366561
37777420
36594631
19090108
28960143
39593202
658047
16632569
951853
12779334
18787348
37291312
35548327
43817680
8551351
5940088
29582856
22974181
44032038
31886494
25323439
48028120
2466011
36984139
38058304
43258164
24922021
20287849
43587141
23575270
24120055
39099264
1608668
29031663
41573037
45516730
72733
7636972
428355
392689
5652049
7636912
11015154
32202259
12878952
35623249
37542397
14262297
15263196
30836921
28853178
18947329
9123130
40543752
893422
12664581
33359377
16796548
14427993
24196849
6673090
15394554
2469854
1406926
11544228
7714615
16422311
17392271
13565754
20043763
11431866
36098296
16218521
48507016
26409010
1323949
3163796
23519557
25338820
4122604
9241811
35215291
34320604
36313309
29466339
15817470
7593721
50171560
13233990
9885926
28493094
12391806
17987615
5775871
15021161
21277262
14670297
8829697
41374140
12450900
14212080
35067760
6594868
22979032
762738
7392916
479063
762627
24743863
27949034
23830510
24543718
42732363
37505308
40696284
12445916
27085192
2399867
54716098
3277022
21021236
37036489
22154872
37604506
4786826
28085979
37476997
15670149
9011014
19312162
32727652
36458494
32279398
23919460
391329
18697885
24068386
3895723
9202925
42099753
37255639
419049
12624108
27454828
52806538
28339248
28640547
21602251
14289843
23263648
37284820
24155869
24957688
949735
37944352
1181890
28926447
16281977
4565913
24618190
18944386
33032068
16557389
21675814
4267422
4195080
15645387
47441263
32116045
28610865
30000834
32908231
10158080
991389
19142380
1774000
22308100
25707724
24415939
15086759
27186278
16390034
25426366
22033009
13793313
28478091
9842675
9671951
37824358
45564088
14072640
6433270
908105
25204582
7889647
36753322
28771563
8059051
984156
9451988
17940542
178070
35839294
1795042
18651592
16209158
310250
28941576
14900483
33317260
28964694
26789899
4829282
20431664
7809337
1007306
13884705
15609639
11673396
44956699
44157355
21351565
5548187
4045699
46321096
9674195
20158552
51805360
31840291
17046587
26990095
38372884
9369701
41101698
21661597
441964
933929
4152630
52719577
27012259
23492584
30427563
642847
878470
762726
915458
13948368
41849658
36210550
51603307
47334964
16642043
6385204
48687202
5893270
8171473
26197384
536005
38331628
989537
13557924
3703375
45031591
26193145
7353028
40379805
29483259
6713584
903696
37026943
48565111
11015136
1740875
21130400
927712
21620962
31267934
46875481
969751
486489
39047358
36425635
4628055
23360989
675566
39151785
17515094
21483628
35826415
34914934
30700034
1167247
35195323
25591294
27569164
16002680
24277744
32310403
26397679
1114953
192706
1775932
44441899
11578770
29476917
50458624
2129580
26445436
28394976
27265558
280879
1251733
25243633
5361428
28272648
4060180
44845024
45394663
52574
14709812
13120470
757632
6464233
12573012
26284570
21316285
15120722
526351
13461387
33644989
2171265
12038022
7101118
36571042
12007029
2469818
17927729
35486941
2234118
1756111
16770697
36273814
17739194
30574490
26657173
26679373
41170
2054880
2142180
24431881
51431773
31672508
34020625
21252245
56847871
28171983
424276
17564372
25584175
34584232
41341914
22731463
30649898
16775866
5440955
24738961
1117301
52752580
40418004
31505039
416445
3278840
20022850
52324216
13755909
28042821
5483618
10480767
863474
25534699
32312908
10395237
24559171
1662533
35467453
11361168
37232236
28355757
17819681
43336461
6894757
747196
25966192
42110484
1869273
37280944
274952
20996555
23176249
31548053
38535334
17147435
45658006
31164026
48357793
27363571
17828111
273550
50413774
27679250
37741135
7637038
21901309
19222216
7598236
49620259
42799140
46088446
6398488
1989831
28627923
397675
4051480
774664
6085476
14063163
24558178
24234649
46506538
30329403
1127771
36978520
1115355
13563150
40593903
518673
15361239
323237
12066534
38847060
56673976
40029138
410208
17417780
1097868
18694165
11227374
7096450
6058141
21613156
1717805
14991491
42144186
37628299
26895817
18478624
29542353
16083065
43741743
24522037
23654935
18006377
17123729
878543
39153765
5423693
23886658
35319400
4593252
14581842
3236603
46543909
41205912
15294075
46156423
438516
13123500
53878423
3124415
10340760
24840736
9480926
38061715
685932
42601638
39804057
10381809
9531002
4714115
19193266
4165410
478361
51392968
8316406
28983702
59359675
928000
7400782
4041706
24745642
4411298
1510280
16092623
5270960
23611912
10840401
25369612
19982479
21808405
38000623
29593911
1076354
14698560
26269753
9375371
27813772
56642374
18374321
17983598
8152831
11383992
138702
21599401
454460
212315
11830413
35301769
1679690
33981601
23130229
25798528
17903981
5504165
7066339
25895995
26590447
10449507
2372390
45175117
45605134
38825169
33587563
35862865
47672551
120495
37182115
27026092
29500917
21227528
37625842
48273082
12867444
15817848
9397901
11432445
39109476
585963
3822208
20391412
53022850
1114478
44271820
1648823
21848851
24249931
33228358
15127982
7723327
16329662
15375369
27277570
18134963
32684293
1094046
40325082
26040337
21374605
6571279
13535787
48862429
7776055
41905668
1179926
45745015
33397381
10995057
35685802
33316918
12674922
32337463
732058
876098
22795918
13161198
34866583
18000440
44128621
189937
7809436
27044458
1151358
53576425
30865841
48308878
246341
7062001
21584935
29503899
197640
2797229
24748429
33692227
29667267
485487
657254
16024664
33072325
21851455
18077900
593100
36324202
278297
4480985
15930521
13595859
33010336
383108
10783422
1808485
4248675
27858737
8644414
26350087
14476725
6723250
965161
16773220
35788501
3859027
18634393
3878329
26180257
1114224
245875
16739860
7630987
35355265
13268802
5530514
40510101
12702114
25267177
28435335
27200035
42510339
39090696
20974706
10024100
16897953
6207178
31933159
20176744
35807749
21400132
982512
10515498
24130762
2783978
13439
53476975
45173512
9150595
27633857
46420804
28384326
18360155
1898721
3983701
2350745
576220
23722027
963668
217891
13657767
1085418
18545986
322299
10676937
15873207
27748951
32879527
25717681
3799300
22270957
791209
1055377
33978532
46880680
22904080
13817823
14745039
967095
27709703
9133681
22727314
660780
13385793
30928886
4923994
16659685
4889866
1648583
23984011
10443657
13281801
1011184
24627283
16909194
52774006
15748887
20374462
22873054
24362872
46515169
16135016
1375438
20582318
960893
6661867
24240811
6636148
23725228
8222141
17623097
994963
1005656
11196120
33502165
8453134
44100274
41378289
16889169
6765355
776032
54613543
27363691
164479
46540348
56246539
991401
727417
26689354
9440480
976535
10714227
48018712
8214892
11853807
26544034
246260
31803172
16730934
27238579
26029924
3694820
23326111
48243940
991398
42247362
12609720
1130062
43176780
55554877
6832255
18794140
17137916
28706256
10392225
649419
39777036
4236393
16025378
42960741
35731336
4608078
8698702
24221779
7249360
46946647
6073312
51744946
2022234
33031804
479575
12666978
38164330
29564181
18759055
217938
22149424
13915335
33564439
24946546
1008282
42152862
95217
982307
16948704
3730711
5836117
37120285
6590878
992157
384592
8233804
13458501
5403284
35452546
5714305
18992191
34186468
19328290
8039092
50088673
228337
25976608
34851787
10019666
35873665
18170063
13836396
27762154
17946395
20795282
13261839
2375339
36029194
8477035
18014531
1165383
15689913
8070787
45857665
24921664
25303654
10846059
5411693
24545776
27848
29057874
2715041
755249
15834660
935508
452814
26548495
35506387
11818191
11725776
20924795
1449580
12256968
37408297
118419
26925073
9822929
53433868
30769244
29781030
13689105
13552908
31331021
16073486
25519213
1007236
7570663
7421425
16484459
17618972
11370720
396696
14238276
15855213
25534282
25530070
26448958
11750064
4880650
14047386
33771517
56146339
10943937
2203977
44420422
41837370
36934633
241313
50547532
43359471
1145117
49901920
52008112
23840584
26195635
890602
41432598
7361353
26195422
507700
32938948
9372596
34201393
53787874
5487611
45319957
29583183
22955575
18443240
47710912
8074987
34335340
23524081
15990482
28582797
9388268
1352005
38468095
8733943
28117734
5404613
893598
6053377
23179240
39699660
28194516
5245433
49187938
10384500
14954012
23512144
22473052
23675155
27278362
14759891
14951639
29744094
41811075
22077769
19721752
49111618
4015006
18585388
523481
2479346
46208077
432801
5771164
16854898
808552
8820499
4625571
11739645
6980914
44064450
19103899
40014387
20391079
13012515
1110118
15955343
13999872
23963413
40655952
593693
16696453
16742143
115168
879877
49841602
6080904
27685901
43849845
16979649
2340482
39619344
4747178
11638998
1139307
25204966
23904277
3174698
26580418
5583469
426848
15471666
13572633
38374849
14894498
13227198
49768126
2397965
28098255
21435601
26494909
6511141
37234048
41758746
20111638
25911892
9366923
15408603
21215045
34131673
25450864
942371
48466411
41827137
11492685
22295218
28987116
39375345
6248578
11888763
28353231
9421511
32698918
10920972
231816
43646377
25018987
4771667
10773000
35665162
24089695
311843
20167183
6883204
20228599
20178076
37164220
47634778
34408363
6708880
9217667
13367424
10023884
57677872
14461776
24001738
41634
32070184
52887502
14281701
29143860
40185993
45820999
5181413
43137015
4787480
6278248
34130284
18343838
38632065
37210096
53182609
51002740
39443415
33641518
16574729
328919
11789343
1141607
585978
5315216
18154796
30408897
15463833
997915
7656883
15981002
24499054
32448583
7163483
4872247
4876630
2685965
321083
25060402
9934433
26357815
742889
48627496
9672791
4763627
27717640
16158506
16430537
41933895
42240084
35012182
8461684
20449976
26428426
23407441
469764
21298217
4591347
46047595
1292929
32747593
462419
10709376
300006
12230592
37775434
15795267
27827134
14771517
7991047
32792605
26558050
311779
39805767
4429229
25370152
2340719
43169158
14155014
692564
3585918
20004427
40627632
21562114
188358
1069771
41200116
13208235
7478646
13559415
31087298
1133785
24702418
29452500
18910432
12424344
46322185
34514416
30645644
48774970
41089965
5486945
16485995
12192087
32975227
481735
39693489
2020146
31447841
48826219
51486448
6752560
242037
35961097
54904843
25026676
4243380
30333639
23963170
38269441
554336
35891575
2834369
37146067
18996895
6423226
661935
56139292
19322800
37419322
936081
6737545
40946418
50195332
20174284
17033792
12051429
50327911
154063
40521795
24498472
40274631
1126613
12059436
37588852
20198245
24812839
1115549
16149779
40216467
27003016
26529259
9227648
30695210
5303318
35394622
27789571
14328048
1066630
19477201
28943325
13866747
30344220
34700062
26438425
46960204
39374172
1146915
6693841
34228477
51696559
28650003
3171780
4123167
3907327
5707534
26207521
34305844
19027123
33434614
15842229
45514534
29611017
19765024
44022378
37657831
2778308
18240626
21637309
2677928
1447390
44295136
23073862
46752244
5877169
596402
2790950
5836222
26718874
48440458
41751900
36304354
31482581
4384106
16226729
52551256
457151
37934968
47516797
18031424
21372928
32554972
288675
15712392
8284946
28432563
40913904
2889506
8118085
5744941
32922646
22028443
12716991
677614
38647491
529617
13856001
27325663
11704323
227477
29970012
9518996
16816387
8973463
35178679
2774120
32601376
19662142
89545
43774948
839169
31131254
427653
17276159
18788170
29814189
39530793
23118370
39767517
57571963
45712993
35758936
11436486
11474160
987285
26414308
29604996
401208
20911634
2678267
18454415
1708436
9501449
53814394
23637907
40572432
39680556
14771021
36342337
1379860
32096242
4210224
11990247
15189146
23561197
9307985
6458305
1182428
27524098
493427
4974925
24631903
492415
34340389
16909854
12953922
42201711
37834096
32197780
7586056
31610843
16159748
41722389
20168224
33025918
5223725
7310944
41154057
7987126
41441841
30809069
16731234
21611119
23957341
47180650
109406
39418005
15711795
30559805
8433391
20888582
28050282
36614581
29248164
1881588
36443674
26608177
10463433
4673330
9272768
24543796
4854578
23024578
2564810
1213093
23028751
17360159
1148220
915947
32925766
21449413
24707731
4597659
1182811
9694727
